 0   0   0   0   0   0   0   0   0   0   0   0   0   0   0   0   0   0   0   0   0   0   0   0   0   0   0   0   0   0   0   0   0   0   0   0   0   0   0   0   0   0   0   0   0   0   0   0   0   0   0   0   0   0   0   0   0   0   0   0   0   0   0   0   0   0   0   0   0   0   0   0   0   0   0   0   0   0   0   0   0   0   0   0   0   0   0   0   0   0   0   0   0   0   0   0   0   0   0   0  
 0   0   0   0   0   0   0   0   0   0   0   0   0   0   0   0   0   0   0   0   0   0   0   0   0   0   0   0   0   0   0   0   0   0   0   0   0   0   0   0   0   0   0   0   0   0   0   0   0   0   0   0   0   0   0   0   0   0   0   0   0   0   0   0   0   0   0   0   0   0   0   0   0   0   0   0   0   0   0   0   0   0   0   0   0   0   0   0   0   0   0   0   0   0   0   0   0   0   0   0  
 0   0   0   0   0   0   0   0   0   0   0   0   0   0   0   0   0   0   0   0   0   0   0   0   0   0   0   0   0   0   0   0   0   0   0   0   0   0   0   0   0   0   0   0   0   0   0   0   0   0   0   0   0   0   0   0   0   0   0   0   0   0   0   0   0   0   0   0   0   0   0   0   0   0   0   0   0   0   0   0   0   0   0   0   0   0   0   0   0   0   0   0   0   0   0   0   0   0   0   0  
 0   0   0   0   0   0   0   0   0   0   0   0   0   0   0   0   0   0   0   0   0   0   0   0   0   0   0   0   0   0   0   0   0   0   0   0   0   0   0   0   0   0   0   0   0   0   0   0   0   0   0   0   0   0   0   0   0   0   0   0   0   0   0   0   0   0   0   0   0   0   0   0   0   0   0   0   0   0   0   0   0   0   0   0   0   0   0   0   0   0   0   0   0   0   0   0   0   0   0   0  
 0   0   0   1   62  62  62  62  62  62  62  62  62  62  62  62  62  62  62  62  62  62  62  62  62  62  62  62  62  62  62  62  62  62  62  62  62  62  62  62  62  62  62  62  62  62  62  62  62  62  59  58  58  58  58  58  58  58  58  58  58  58  58  58  58  58  58  58  58  58  58  58  58  58  58  58  58  58  58  58  58  58  58  58  58  58  58  58  58  58  58  58  58  58  58  58  57  0   0   0  
 0   0   0   1   1   62  62  62  62  62  62  62  62  62  62  62  62  62  62  62  62  62  62  62  62  62  62  62  62  62  62  62  62  62  62  62  62  62  62  62  62  62  62  62  62  62  62  62  62  62  60  59  58  58  58  58  58  58  58  58  58  58  58  58  58  58  58  58  58  58  58  58  58  58  58  58  58  58  58  58  58  58  58  58  58  58  58  58  58  58  58  58  58  58  58  58  57  0   0   0  
 0   0   0   1   1   1   62  62  62  62  62  62  62  62  62  62  62  62  62  62  62  62  62  62  62  62  62  62  62  62  62  62  62  62  62  62  62  62  62  62  62  62  62  62  62  62  62  62  62  61  60  59  58  58  58  58  58  58  58  58  58  58  58  58  58  58  58  58  58  58  58  58  58  58  58  58  58  58  58  58  58  58  58  58  58  58  58  58  58  58  58  58  58  58  58  58  57  0   0   0  
 0   0   0   1   1   1   62  62  62  62  62  62  62  62  62  62  62  62  62  62  62  62  62  62  62  62  62  62  62  62  62  62  62  62  62  62  62  62  62  62  62  62  62  62  62  62  62  62  61  61  60  60  59  58  58  58  58  58  58  58  58  58  58  58  58  58  58  58  58  58  58  58  58  58  58  58  58  58  58  58  58  58  58  58  58  58  58  58  58  58  58  58  58  58  58  57  57  0   0   0  
 0   0   0   1   1   1   1   62  62  62  62  62  62  62  62  62  62  62  62  62  62  62  62  62  62  62  62  62  62  62  62  62  62  62  62  62  62  62  62  62  62  62  62  62  62  62  62  61  61  60  60  60  59  59  58  58  58  58  58  58  58  58  58  58  58  58  58  58  58  58  58  58  58  58  58  58  58  58  58  58  58  58  58  58  58  58  58  58  58  58  58  58  58  58  58  57  57  0   0   0  
 0   0   0   1   1   1   1   62  62  62  62  62  62  62  62  62  62  62  62  62  62  62  62  62  62  62  62  62  62  62  62  62  62  62  62  62  62  62  62  62  62  62  62  62  62  62  61  61  61  60  60  60  59  59  59  58  58  58  58  58  58  58  58  58  58  58  58  58  58  58  58  58  58  58  58  58  58  58  58  58  58  58  58  58  58  58  58  58  58  58  58  58  58  58  57  57  57  0   0   0  
 0   0   0   1   1   1   1   1   62  62  62  62  62  62  62  62  62  62  62  62  62  62  62  62  62  62  62  62  62  62  62  62  62  62  62  62  62  62  62  62  62  62  62  62  62  61  61  61  61  60  60  60  60  59  59  59  58  58  58  58  58  58  58  58  58  58  58  58  58  58  58  58  58  58  58  58  58  58  58  58  58  58  58  58  58  58  58  58  58  58  58  58  58  58  57  57  57  0   0   0  
 0   0   0   1   1   1   1   1   62  62  62  62  62  62  62  62  62  62  62  62  62  62  62  62  62  62  62  62  62  62  62  62  62  62  62  62  62  62  62  62  62  62  62  62  62  61  61  61  60  60  60  60  60  59  59  59  59  58  58  58  58  58  58  58  58  58  58  58  58  58  58  58  58  58  58  58  58  58  58  58  58  58  58  58  58  58  58  58  58  58  58  58  58  57  57  57  57  0   0   0  
 0   0   0   1   1   1   1   1   1   62  62  62  62  62  62  62  62  62  62  62  62  62  62  62  62  62  62  62  62  62  62  62  62  62  62  62  62  62  62  62  62  62  62  62  61  61  61  61  60  60  60  60  60  59  59  59  59  59  58  58  58  58  58  58  58  58  58  58  58  58  58  58  58  58  58  58  58  58  58  58  58  58  58  58  58  58  58  58  58  58  58  58  58  57  57  57  57  0   0   0  
 0   0   0   1   1   1   1   1   1   62  62  62  62  62  62  62  62  62  62  62  62  62  62  62  62  62  62  62  62  62  62  62  62  62  62  62  62  62  62  62  62  62  62  61  61  61  61  61  60  60  60  60  60  59  59  59  59  59  58  58  58  58  58  58  58  58  58  58  58  58  58  58  58  58  58  58  58  58  58  58  58  58  58  58  58  58  58  58  58  58  58  58  57  57  57  57  57  0   0   0  
 0   0   0   1   1   1   1   1   1   1   62  62  62  62  62  62  62  62  62  62  62  62  62  62  62  62  62  62  62  62  62  62  62  62  62  62  62  62  62  62  62  62  61  61  61  61  61  61  60  60  60  60  60  60  59  59  59  59  59  58  58  58  58  58  58  58  58  58  58  58  58  58  58  58  58  58  58  58  58  58  58  58  58  58  58  58  58  58  58  58  58  58  57  57  57  57  57  0   0   0  
 0   0   0   1   1   1   1   1   1   1   62  62  62  62  62  62  62  62  62  62  62  62  62  62  62  62  62  62  62  62  62  62  62  62  62  62  62  62  62  62  62  61  61  61  61  61  61  60  60  60  60  60  60  60  59  59  59  59  59  59  58  58  58  58  58  58  58  58  58  58  58  58  58  58  58  58  58  58  58  58  58  58  58  58  58  58  58  58  58  58  58  57  57  57  57  57  57  0   0   0  
 0   0   0   1   1   1   1   1   1   1   1   62  62  62  62  62  62  62  62  62  62  62  62  62  62  62  62  62  62  62  62  62  62  62  62  62  62  62  62  62  62  61  61  61  61  61  61  60  60  60  60  60  60  60  59  59  59  59  59  59  59  58  58  58  58  58  58  58  58  58  58  58  58  58  58  58  58  58  58  58  58  58  58  58  58  58  58  58  58  58  58  57  57  57  57  57  57  0   0   0  
 0   0   0   1   1   1   1   1   1   1   1   62  62  62  62  62  62  62  62  62  62  62  62  62  62  62  62  62  62  62  62  62  62  62  62  62  62  62  62  61  61  61  61  61  61  61  61  60  60  60  60  60  60  60  60  59  59  59  59  59  59  59  58  58  58  58  58  58  58  58  58  58  58  58  58  58  58  58  58  58  58  58  58  58  58  58  58  58  58  58  58  57  57  57  57  57  57  0   0   0  
 0   0   0   1   1   1   1   1   1   1   1   1   62  62  62  62  62  62  62  62  62  62  62  62  62  62  62  62  62  62  62  62  62  62  62  62  62  62  62  61  61  61  61  61  61  61  60  60  60  60  60  60  60  60  60  59  59  59  59  59  59  59  59  58  58  58  58  58  58  58  58  58  58  58  58  58  58  58  58  58  58  58  58  58  58  58  58  58  58  58  57  57  57  57  57  57  57  0   0   0  
 0   0   0   1   1   1   1   1   1   1   1   1   62  62  62  62  62  62  62  62  62  62  62  62  62  62  62  62  62  62  62  62  62  62  62  62  62  62  61  61  61  61  61  61  61  61  60  60  60  60  60  60  60  60  60  60  59  59  59  59  59  59  59  59  58  58  58  58  58  58  58  58  58  58  58  58  58  58  58  58  58  58  58  58  58  58  58  58  58  58  57  57  57  57  57  57  57  0   0   0  
 0   0   0   1   1   1   1   1   1   1   1   1   1   62  62  62  62  62  62  62  62  62  62  62  62  62  62  62  62  62  62  62  62  62  62  62  62  61  61  61  61  61  61  61  61  61  60  60  60  60  60  60  60  60  60  60  59  59  59  59  59  59  59  59  59  58  58  58  58  58  58  58  58  58  58  58  58  58  58  58  58  58  58  58  58  58  58  58  58  57  57  57  57  57  57  57  57  0   0   0  
 0   0   0   1   1   1   1   1   1   1   1   1   1   62  62  62  62  62  62  62  62  62  62  62  62  62  62  62  62  62  62  62  62  62  62  62  61  61  61  61  61  61  61  61  61  60  60  60  60  60  60  60  60  60  60  60  59  59  59  59  59  59  59  59  59  58  58  58  58  58  58  58  58  58  58  58  58  58  58  58  58  58  58  58  58  58  58  58  58  57  57  57  57  57  57  57  57  0   0   0  
 0   0   0   1   1   1   1   1   1   1   1   1   1   1   62  62  62  62  62  62  62  62  62  62  62  62  62  62  62  62  62  62  62  62  62  62  61  61  61  61  61  61  61  61  61  60  60  60  60  60  60  60  60  60  60  60  59  59  59  59  59  59  59  59  59  59  58  58  58  58  58  58  58  58  58  58  58  58  58  58  58  58  58  58  58  58  58  58  57  57  57  57  57  57  57  57  57  0   0   0  
 0   0   0   1   1   1   1   1   1   1   1   1   1   1   62  62  62  62  62  62  62  62  62  62  62  62  62  62  62  62  62  62  62  62  62  61  61  61  61  61  61  61  61  61  61  60  60  60  60  60  60  60  60  60  60  60  60  59  59  59  59  59  59  59  59  59  59  58  58  58  58  58  58  58  58  58  58  58  58  58  58  58  58  58  58  58  58  58  57  57  57  57  57  57  57  57  57  0   0   0  
 0   0   0   1   1   1   1   1   1   1   1   1   1   1   1   62  62  62  62  62  62  62  62  62  62  62  62  62  62  62  62  62  62  62  61  61  61  61  61  61  61  61  61  61  61  60  60  60  60  60  60  60  60  60  60  60  60  59  59  59  59  59  59  59  59  59  59  59  58  58  58  58  58  58  58  58  58  58  58  58  58  58  58  58  58  58  58  57  57  57  57  57  57  57  57  57  57  0   0   0  
 0   0   0   1   1   1   1   1   1   1   1   1   1   1   1   62  62  62  62  62  62  62  62  62  62  62  62  62  62  62  62  62  62  61  61  61  61  61  61  61  61  61  61  61  60  60  60  60  60  60  60  60  60  60  60  60  60  60  59  59  59  59  59  59  59  59  59  59  59  58  58  58  58  58  58  58  58  58  58  58  58  58  58  58  58  58  58  57  57  57  57  57  57  57  57  57  57  0   0   0  
 0   0   0   1   1   1   1   1   1   1   1   1   1   1   1   1   62  62  62  62  62  62  62  62  62  62  62  62  62  62  62  62  61  61  61  61  61  61  61  61  61  61  61  61  60  60  60  60  60  60  60  60  60  60  60  60  60  60  59  59  59  59  59  59  59  59  59  59  59  59  58  58  58  58  58  58  58  58  58  58  58  58  58  58  58  58  57  57  57  57  57  57  57  57  57  57  57  0   0   0  
 0   0   0   1   1   1   1   1   1   1   1   1   1   1   1   1   62  62  62  62  62  62  62  62  62  62  62  62  62  62  62  62  61  61  61  61  61  61  61  61  61  61  61  61  60  60  60  60  60  60  60  60  60  60  60  60  60  60  59  59  59  59  59  59  59  59  59  59  59  59  58  58  58  58  58  58  58  58  58  58  58  58  58  58  58  58  57  57  57  57  57  57  57  57  57  57  57  0   0   0  
 0   0   0   1   1   1   1   1   1   1   1   1   1   1   1   1   1   62  62  62  62  62  62  62  62  62  62  62  62  62  61  61  61  61  61  61  61  61  61  61  61  61  61  60  60  60  60  60  60  60  60  60  60  60  60  60  60  60  60  59  59  59  59  59  59  59  59  59  59  59  59  58  58  58  58  58  58  58  58  58  58  58  58  58  58  58  57  57  57  57  57  57  57  57  57  57  57  0   0   0  
 0   0   0   1   1   1   1   1   1   1   1   1   1   1   1   1   1   62  62  62  62  62  62  62  62  62  62  62  62  62  61  61  61  61  61  61  61  61  61  61  61  61  61  60  60  60  60  60  60  60  60  60  60  60  60  60  60  60  60  59  59  59  59  59  59  59  59  59  59  59  59  59  58  58  58  58  58  58  58  58  58  58  58  58  58  57  57  57  57  57  57  57  57  57  57  57  57  0   0   0  
 0   0   0   1   1   1   1   1   1   1   1   1   1   1   1   1   1   1   62  62  62  62  62  62  62  62  62  62  62  61  61  61  61  61  61  61  61  61  61  61  61  61  61  60  60  60  60  60  60  60  60  60  60  60  60  60  60  60  60  60  59  59  59  59  59  59  59  59  59  59  59  59  59  58  58  58  58  58  58  58  58  58  58  58  58  57  57  57  57  57  57  57  57  57  57  57  57  0   0   0  
 0   0   0   1   1   1   1   1   1   1   1   1   1   1   1   1   1   1   62  62  62  62  62  62  62  62  62  62  61  61  61  61  61  61  61  61  61  61  61  61  61  61  61  60  60  60  60  60  60  60  60  60  60  60  60  60  60  60  60  59  59  59  59  59  59  59  59  59  59  59  59  59  59  59  58  58  58  58  58  58  58  58  58  58  57  57  57  57  57  57  57  57  57  57  57  57  57  0   0   0  
 0   0   0   1   1   1   1   1   1   1   1   1   1   1   1   1   1   1   1   62  62  62  62  62  62  62  62  61  61  61  61  61  61  61  61  61  61  61  61  61  61  61  60  60  60  60  60  60  60  60  60  60  60  60  60  60  60  60  60  60  59  59  59  59  59  59  59  59  59  59  59  59  59  59  59  58  58  58  58  58  58  58  58  58  57  57  57  57  57  57  57  57  57  57  57  57  57  0   0   0  
 0   0   0   1   1   1   1   1   1   1   1   1   1   1   1   1   1   1   1   62  62  62  62  62  62  62  61  61  61  61  61  61  61  61  61  61  61  61  61  61  61  61  60  60  60  60  60  60  60  60  60  60  60  60  60  60  60  60  60  60  59  59  59  59  59  59  59  59  59  59  59  59  59  59  59  59  58  58  58  58  58  58  58  57  57  57  57  57  57  57  57  57  57  57  57  57  57  0   0   0  
 0   0   0   1   1   1   1   1   1   1   1   1   1   1   1   1   1   1   1   1   62  62  62  62  62  62  61  61  61  61  61  61  61  61  61  61  61  61  61  61  61  61  60  60  60  60  60  60  60  60  60  60  60  60  60  60  60  60  60  60  60  59  59  59  59  59  59  59  59  59  59  59  59  59  59  59  58  58  58  58  58  58  58  57  57  57  57  57  57  57  57  57  57  57  57  57  57  0   0   0  
 0   0   0   1   1   1   1   1   1   1   1   1   1   1   1   1   1   1   1   1   62  62  62  62  62  61  61  61  61  61  61  61  61  61  61  61  61  61  61  61  61  60  60  60  60  60  60  60  60  60  60  60  60  60  60  60  60  60  60  60  60  59  59  59  59  59  59  59  59  59  59  59  59  59  59  59  59  58  58  58  58  58  57  57  57  57  57  57  57  57  57  57  57  57  57  57  57  0   0   0  
 0   0   0   1   1   1   1   1   1   1   1   1   1   1   1   1   1   1   1   1   1   62  62  62  61  61  61  61  61  61  61  61  61  61  61  61  61  61  61  61  61  60  60  60  60  60  60  60  60  60  60  60  60  60  60  60  60  60  60  60  60  59  59  59  59  59  59  59  59  59  59  59  59  59  59  59  59  59  58  58  58  58  57  57  57  57  57  57  57  57  57  57  57  57  57  57  57  0   0   0  
 0   0   0   1   1   1   1   1   1   1   1   1   1   1   1   1   1   1   1   1   1   62  62  61  61  61  61  61  61  61  61  61  61  61  61  61  61  61  61  61  61  60  60  60  60  60  60  60  60  60  60  60  60  60  60  60  60  60  60  60  60  60  59  59  59  59  59  59  59  59  59  59  59  59  59  59  59  59  59  58  58  57  57  57  57  57  57  57  57  57  57  57  57  57  57  57  57  0   0   0  
 0   0   0   1   1   1   1   1   1   1   1   1   1   1   1   1   1   1   1   2   2   2   62  61  61  61  61  61  61  61  61  61  61  61  61  61  61  61  61  61  61  60  60  60  60  60  60  60  60  60  60  60  60  60  60  60  60  60  60  60  60  60  59  59  59  59  59  59  59  59  59  59  59  59  59  59  59  59  59  59  58  57  57  57  57  57  57  57  57  57  57  57  57  57  57  57  57  0   0   0  
 0   0   0   1   1   1   1   1   1   1   1   1   1   1   1   1   2   2   2   2   2   2   11  11  11  11  61  61  61  61  61  61  61  61  61  61  61  61  61  61  60  60  60  60  60  60  60  60  60  60  60  60  60  60  60  60  60  60  60  60  60  60  60  59  59  59  59  59  59  59  59  59  59  59  59  59  59  59  59  59  58  57  57  57  57  57  57  57  57  57  57  57  57  57  57  57  57  0   0   0  
 0   0   0   1   1   1   1   1   1   1   1   1   1   2   2   2   2   2   2   2   2   2   11  11  11  11  11  11  11  11  61  61  61  61  61  61  61  61  61  61  60  60  60  60  60  60  60  60  60  60  60  60  60  60  60  60  60  60  60  60  60  60  60  59  59  59  59  59  59  59  59  59  59  59  54  54  54  54  55  55  55  55  55  55  57  57  57  57  57  57  57  57  57  57  57  57  57  0   0   0  
 0   0   0   1   1   1   1   1   1   1   2   2   2   2   2   2   2   2   2   2   2   2   11  11  11  11  11  11  11  11  11  11  11  11  11  61  61  61  61  61  60  60  60  60  60  60  60  60  60  60  60  60  60  60  60  60  60  60  60  60  60  60  60  59  59  59  59  59  59  54  54  54  54  54  54  54  54  54  55  55  55  55  55  55  55  55  55  55  57  57  57  57  57  57  57  57  57  0   0   0  
 0   0   0   1   1   1   1   2   2   2   2   2   2   2   2   2   2   2   2   2   2   2   11  11  11  11  11  11  11  11  11  11  11  11  11  11  11  11  64  64  60  60  60  60  60  60  60  60  60  60  60  60  60  60  60  60  60  60  60  60  60  60  60  60  54  54  54  54  54  54  54  54  54  54  54  54  54  54  55  55  55  55  55  55  55  55  55  55  55  55  55  55  55  57  57  57  57  0   0   0  
 0   0   0   1   1   2   2   2   2   2   2   2   2   2   2   2   2   2   2   2   2   2   11  11  11  11  11  11  11  11  11  11  11  11  11  10  10  10  64  64  64  64  49  49  49  49  49  49  49  49  49  49  49  49  49  49  49  49  49  49  50  50  50  51  51  51  51  54  54  54  54  54  54  54  54  54  55  55  55  55  55  55  55  55  55  55  56  56  56  56  56  56  56  56  56  56  56  0   0   0  
 0   0   0   1   4   4   3   3   3   3   3   3   3   3   2   2   2   2   2   2   2   2   11  11  11  11  11  11  11  11  11  10  10  10  10  10  10  10  64  64  64  64  64  49  49  49  49  49  49  49  49  49  49  49  49  49  49  49  50  50  50  50  50  51  51  51  51  51  51  51  51  51  54  54  54  54  56  56  56  56  56  56  56  56  56  56  56  56  56  56  56  56  56  56  56  56  46  0   0   0  
 0   0   0   4   4   4   3   3   3   3   3   3   3   3   3   3   3   3   3   3   3   3   11  11  11  11  11  10  10  10  10  10  10  10  10  10  10  10  64  64  64  64  64  64  49  49  49  49  49  49  49  49  49  49  49  49  49  50  50  50  50  50  50  51  51  51  51  51  51  51  51  51  51  52  52  52  56  56  56  56  56  56  56  56  56  56  56  56  56  56  56  56  56  56  56  46  46  0   0   0  
 0   0   0   4   4   4   4   3   3   3   3   3   3   3   3   3   3   3   3   3   3   5   5   6   10  10  10  10  10  10  10  10  10  10  10  10  10  64  64  64  64  64  64  64  64  49  49  49  49  49  49  49  49  49  49  50  50  50  50  50  50  50  50  51  51  51  51  51  51  51  51  52  52  52  52  52  53  53  53  56  56  56  56  56  56  56  56  56  56  56  56  56  56  56  46  46  46  0   0   0  
 0   0   0   4   4   4   4   4   3   3   3   3   3   3   3   3   3   3   3   5   5   5   5   6   6   6   10  10  10  10  10  10  10  10  10  10  10  64  64  64  64  64  64  64  64  64  64  49  49  49  49  49  49  49  50  50  50  50  50  50  50  50  50  51  51  51  51  51  51  52  52  52  52  52  52  52  53  53  53  53  53  56  56  56  56  56  56  56  56  56  56  56  56  46  46  46  46  0   0   0  
 0   0   0   4   4   4   4   4   4   3   3   3   3   3   3   3   3   5   5   5   5   5   5   6   6   6   6   6   6   10  10  10  10  10  10  10  10  64  64  64  64  64  64  64  64  64  64  64  49  49  49  49  49  50  50  50  50  50  50  50  50  50  50  51  51  51  51  52  52  52  52  52  52  52  52  52  53  53  53  53  53  53  53  53  56  56  56  56  56  56  56  56  46  46  46  46  46  0   0   0  
 0   0   0   4   4   4   4   4   4   4   3   3   3   3   3   5   5   5   5   5   5   5   5   6   6   6   6   6   6   6   6   6   10  10  10  10  10  64  64  64  64  64  64  64  64  64  64  64  64  49  49  50  50  50  50  50  50  50  50  50  50  50  50  51  51  52  52  52  52  52  52  52  52  52  52  52  53  53  53  53  53  53  53  53  53  53  53  56  56  56  46  46  46  46  46  46  46  0   0   0  
 0   0   0   4   4   4   4   4   4   4   4   3   3   5   5   5   5   5   5   5   5   5   5   6   6   6   6   6   6   6   6   6   6   6   6   10  10  64  64  64  64  64  64  64  64  64  64  64  64  64  50  50  50  50  50  50  50  50  50  50  50  50  50  52  52  52  52  52  52  52  52  52  52  52  52  52  52  53  53  53  53  53  53  53  53  53  53  53  53  53  46  46  46  46  46  46  46  0   0   0  
 0   0   0   4   4   4   4   4   4   4   4   5   5   5   5   5   5   5   5   5   5   5   5   6   6   6   6   6   6   6   6   6   6   9   9   9   9   63  63  63  63  63  63  63  63  63  63  63  63  63  63  47  47  47  47  47  47  47  47  47  47  47  48  52  52  52  52  52  52  52  52  52  52  52  52  52  52  53  53  53  53  53  53  53  53  53  53  45  43  46  46  46  46  46  46  46  46  0   0   0  
 0   0   0   4   4   4   4   4   4   4   7   8   8   8   8   5   5   5   5   5   5   5   5   6   6   6   6   6   6   6   9   9   9   9   9   9   9   63  63  63  63  63  63  63  63  63  63  63  63  63  47  47  47  47  47  47  47  47  47  47  47  47  48  48  48  48  52  52  52  52  52  52  52  52  52  52  52  53  53  53  53  53  53  53  45  45  45  45  43  46  46  46  46  46  46  46  46  0   0   0  
 0   0   0   4   4   4   4   4   4   4   7   7   8   8   8   8   8   8   8   5   5   5   5   6   6   6   6   9   9   9   9   9   9   9   9   9   9   63  63  63  63  63  63  63  63  63  63  63  63  13  14  47  47  47  47  47  47  47  47  47  47  47  48  48  48  48  48  48  48  48  52  52  52  52  52  52  52  53  53  53  53  53  45  45  45  45  45  43  43  46  46  46  46  46  46  46  46  0   0   0  
 0   0   0   4   4   4   4   4   4   4   7   7   8   8   8   8   8   8   8   8   8   8   8   9   9   9   9   9   9   9   9   9   9   9   9   9   9   63  63  63  63  63  63  63  63  63  63  63  13  13  14  14  47  47  47  47  47  47  47  47  47  47  48  48  48  48  48  48  48  48  48  48  48  52  52  52  52  53  53  53  45  45  45  45  45  45  43  43  43  46  46  46  46  46  46  46  46  0   0   0  
 0   0   0   4   4   4   4   4   4   4   7   7   7   7   8   8   8   8   8   8   8   8   8   12  9   9   9   9   9   9   9   9   9   9   9   9   9   63  63  63  63  63  63  63  63  63  63  63  13  13  14  14  47  47  47  47  47  47  47  47  47  47  48  48  48  48  48  48  48  48  48  48  48  48  48  48  48  45  45  45  45  45  45  45  45  45  43  43  43  46  46  46  46  46  46  46  46  0   0   0  
 0   0   0   4   4   4   4   4   4   4   7   7   7   7   8   8   8   8   8   8   8   8   8   12  12  12  9   9   9   9   9   9   9   9   9   9   9   63  63  63  63  63  63  63  63  63  63  13  13  13  14  14  14  47  47  47  47  47  47  47  47  47  48  48  48  48  48  48  48  48  48  48  48  48  48  48  45  45  45  45  45  45  45  45  45  43  43  43  43  46  46  46  46  46  46  46  46  0   0   0  
 0   0   0   4   4   4   4   4   4   4   7   7   7   7   7   8   8   8   8   8   8   8   8   8   12  12  12  9   9   9   9   9   9   9   9   9   9   63  63  63  63  63  63  63  63  63  13  13  13  13  14  14  14  14  47  47  47  47  47  47  47  47  48  48  48  48  48  48  48  48  48  48  48  48  48  44  45  45  45  45  45  45  45  45  43  43  43  43  43  46  46  46  46  46  46  46  46  0   0   0  
 0   0   0   4   4   4   4   4   4   4   7   7   7   7   7   7   8   8   8   8   8   8   8   8   12  12  12  12  9   9   9   9   9   9   9   9   9   9   63  63  63  63  63  63  63  63  13  13  13  13  14  14  14  14  47  47  47  47  47  47  47  47  48  48  48  48  48  48  48  48  48  48  48  44  44  45  45  45  45  45  45  45  45  43  43  43  43  43  43  43  46  46  46  46  46  46  46  0   0   0  
 0   0   0   4   4   4   4   4   4   4   7   7   7   7   7   7   7   8   8   8   8   8   8   8   8   12  12  12  12  9   9   9   9   9   9   9   9   9   63  63  63  63  63  63  63  13  13  13  13  13  14  14  14  14  14  47  47  47  47  47  47  47  48  48  48  48  48  48  48  48  48  48  44  44  44  45  45  45  45  45  45  45  45  43  43  43  43  43  43  43  46  46  46  46  46  46  46  0   0   0  
 0   0   0   4   4   4   4   4   4   4   7   7   7   7   7   7   7   7   8   8   8   8   8   8   8   12  12  12  12  12  12  9   9   9   9   9   9   9   63  63  63  63  63  63  63  13  13  13  13  13  14  14  14  14  14  14  47  47  47  47  47  47  48  48  48  48  48  48  48  48  48  44  44  44  45  45  45  45  45  45  45  45  43  43  43  43  43  43  43  43  46  46  46  46  46  46  46  0   0   0  
 0   0   0   4   4   4   4   4   4   7   7   7   7   7   7   7   7   7   7   8   8   8   8   8   8   8   12  12  12  12  12  12  9   9   9   9   9   9   63  63  63  63  63  63  13  13  13  13  13  13  14  14  14  14  14  14  47  47  47  47  47  47  48  48  48  48  48  48  48  48  48  44  44  44  45  45  45  45  45  45  45  43  43  43  43  43  43  43  43  43  46  46  46  46  46  46  46  0   0   0  
 0   0   0   4   4   4   4   4   4   7   7   7   7   7   7   7   7   7   7   7   8   8   8   8   8   8   12  12  12  12  12  12  12  9   9   9   9   9   63  63  63  63  63  13  13  13  13  13  13  13  14  14  14  14  14  14  14  47  47  47  47  47  48  48  48  48  48  48  48  48  44  44  44  45  45  45  45  45  45  45  43  43  43  43  43  43  43  43  43  43  46  46  46  46  46  46  46  0   0   0  
 0   0   0   4   4   4   4   4   4   7   7   7   7   7   7   7   7   7   7   7   8   8   8   8   8   8   8   12  12  12  12  12  12  12  12  9   9   9   63  63  63  63  63  13  13  13  13  13  13  13  14  14  14  14  14  14  14  14  47  47  47  47  48  48  48  48  48  48  48  44  44  44  44  45  45  45  45  45  45  43  43  43  43  43  43  43  43  43  43  43  46  46  46  46  46  46  46  0   0   0  
 0   0   0   4   4   4   4   4   4   7   7   7   7   7   7   7   7   7   7   7   7   8   8   8   8   8   8   12  12  12  12  12  12  12  12  9   9   9   63  63  63  63  13  13  13  13  13  13  13  13  14  14  14  14  14  14  14  14  47  47  47  47  48  48  48  48  48  44  44  44  44  44  44  45  45  45  45  45  45  43  43  43  43  43  43  43  43  43  43  43  46  46  46  46  46  46  46  0   0   0  
 0   0   0   4   4   4   4   4   4   7   7   7   7   7   7   7   7   7   7   7   7   7   8   8   8   8   8   8   12  12  12  12  12  12  12  12  12  9   63  63  63  13  13  13  13  13  13  13  13  13  14  14  14  14  14  14  14  14  14  47  47  47  48  48  48  48  44  44  44  44  44  44  45  45  45  45  45  45  43  43  43  43  43  43  43  43  43  43  43  43  46  46  46  46  46  46  46  0   0   0  
 0   0   0   4   4   4   4   4   4   7   7   7   7   7   7   7   7   7   7   7   7   7   7   8   8   8   8   8   12  12  12  12  12  12  12  12  12  12  9   63  63  13  13  13  13  13  13  13  13  13  14  14  14  14  14  14  14  14  14  14  47  47  48  48  48  44  44  44  44  44  44  44  45  45  45  45  45  43  43  43  43  43  43  43  43  43  43  43  43  43  43  46  46  46  46  46  46  0   0   0  
 0   0   0   4   4   4   4   4   4   7   7   7   7   7   7   7   7   7   7   7   7   7   7   7   8   8   8   8   8   12  12  12  12  12  12  12  12  12  12  63  13  13  13  13  13  13  13  13  13  13  14  14  14  14  14  14  14  14  14  14  47  47  48  48  44  44  44  44  44  44  44  45  45  45  45  45  43  43  43  43  43  43  43  43  43  43  43  43  43  43  43  46  46  46  46  46  46  0   0   0  
 0   0   0   4   4   4   4   4   4   7   7   7   7   7   7   7   7   7   7   7   7   7   7   7   7   8   8   8   8   12  12  12  12  12  12  12  12  12  12  15  15  13  13  13  13  13  13  13  13  13  14  14  14  14  14  14  14  14  14  14  14  47  48  44  44  44  44  44  44  44  44  45  45  45  45  45  43  43  43  43  43  43  43  43  43  43  43  43  43  43  43  46  46  46  46  46  46  0   0   0  
 0   0   0   4   4   4   4   4   7   7   7   7   7   7   7   7   7   7   7   7   7   7   7   7   7   7   8   8   8   8   12  12  12  12  12  12  12  12  15  15  15  15  13  13  13  13  13  13  13  13  14  14  14  14  14  14  14  14  14  14  16  16  44  44  44  44  44  44  44  44  44  45  45  45  45  43  43  43  43  43  43  43  43  43  43  43  43  43  43  43  43  46  46  46  46  46  46  0   0   0  
 0   0   0   4   4   4   4   4   7   7   7   7   7   7   7   7   7   7   7   7   7   7   7   7   7   7   7   8   8   8   12  12  12  12  12  12  12  12  15  15  15  15  15  15  13  13  13  13  13  13  14  14  14  14  14  14  14  14  16  16  16  16  44  44  44  44  44  44  44  44  45  45  45  45  43  43  43  43  43  43  43  43  43  43  43  43  43  43  43  43  43  46  46  46  46  46  46  0   0   0  
 0   0   0   4   4   4   4   4   7   7   7   7   7   7   7   7   7   7   7   7   7   7   7   7   7   7   7   8   8   8   8   12  12  12  12  12  12  12  15  15  15  15  15  15  15  15  13  13  13  13  14  14  14  14  14  14  16  16  16  16  16  16  16  44  44  44  44  44  44  44  45  45  45  43  43  43  43  43  43  43  43  43  43  43  43  43  43  43  43  43  43  46  46  46  46  46  46  0   0   0  
 0   0   0   4   4   4   4   4   7   7   7   7   7   7   7   7   7   7   7   7   7   7   7   7   7   7   7   7   7   8   8   12  12  12  12  12  12  15  15  15  15  15  15  15  15  15  15  13  13  13  14  14  14  14  16  16  16  16  16  16  16  16  16  44  44  44  44  44  44  45  45  45  45  43  43  43  43  43  43  43  43  43  43  43  43  43  43  43  43  43  43  46  46  46  46  46  46  0   0   0  
 0   0   0   4   4   4   4   4   7   7   7   7   7   7   7   7   7   7   7   7   7   7   7   7   7   7   7   7   7   8   8   8   12  12  12  12  12  15  15  15  15  15  15  15  15  15  15  15  15  13  14  14  16  16  16  16  16  16  16  16  16  16  16  16  44  44  44  44  44  45  45  45  43  43  43  43  43  43  43  43  43  43  43  43  43  43  43  43  43  43  43  46  46  46  46  46  46  0   0   0  
 0   0   0   4   4   4   4   4   7   7   7   7   7   7   7   7   7   7   7   7   7   7   7   7   7   7   7   7   7   7   8   8   12  12  12  12  15  15  15  15  15  15  15  15  15  15  15  15  15  15  16  16  16  16  16  16  16  16  16  16  16  16  16  16  44  44  44  44  44  45  45  43  43  43  43  43  43  43  43  43  43  43  43  43  43  43  43  43  43  43  43  43  46  46  46  46  46  0   0   0  
 0   0   0   4   4   4   4   4   7   7   7   7   7   7   7   7   7   7   7   7   7   7   7   7   7   7   7   7   7   7   7   8   8   12  12  12  15  15  15  15  15  15  15  15  15  15  17  17  17  17  18  18  18  18  16  16  16  16  16  16  16  16  16  16  16  44  44  44  45  45  45  43  43  43  43  43  43  43  43  43  43  43  43  43  43  43  43  43  43  43  43  43  46  46  46  46  46  0   0   0  
 0   0   0   4   4   4   4   4   7   7   7   7   7   7   7   7   7   7   7   7   7   7   7   7   7   7   7   7   7   7   7   7   8   12  12  12  15  15  15  15  15  15  15  17  17  17  17  17  17  17  18  18  18  18  18  18  18  18  18  16  16  16  16  16  16  44  44  44  45  43  43  43  43  43  43  43  43  43  43  43  43  43  43  43  43  43  43  43  43  43  43  43  46  46  46  46  46  0   0   0  
 0   0   0   4   4   4   4   4   7   7   7   7   7   7   7   7   7   7   7   7   7   7   7   7   7   7   7   7   7   7   7   7   7   8   12  15  15  15  15  17  17  17  17  17  17  17  17  17  17  17  18  18  18  18  18  18  18  18  18  18  18  18  18  16  16  16  44  45  45  43  43  43  43  43  43  43  43  43  43  43  43  43  43  43  43  43  43  43  43  43  43  43  46  46  46  46  46  0   0   0  
 0   0   0   4   4   4   4   4   7   7   7   7   7   7   7   7   7   7   7   7   7   7   7   7   7   7   7   7   7   7   7   7   7   7   12  17  17  17  17  17  17  17  17  17  17  17  17  17  17  17  18  18  18  18  18  18  18  18  18  18  18  18  18  18  18  18  44  45  43  43  43  43  43  43  43  43  43  43  43  43  43  43  43  43  43  43  43  43  43  43  43  43  46  46  46  46  46  0   0   0  
 0   0   0   4   4   4   4   7   7   7   7   7   7   7   7   7   7   7   7   7   7   7   7   7   7   7   7   7   7   7   7   7   7   7   31  19  19  19  17  17  17  17  17  17  17  17  17  17  17  17  18  18  18  18  18  18  18  18  18  18  18  18  18  18  20  20  20  43  43  43  43  43  43  43  43  43  43  43  43  43  43  43  43  43  43  43  43  43  43  43  43  43  46  46  46  46  46  0   0   0  
 0   0   0   4   4   4   4   7   7   7   7   7   7   7   7   7   7   7   7   7   7   7   7   7   7   7   7   7   7   7   7   7   7   31  31  29  19  19  19  19  17  17  17  17  17  17  17  17  17  17  18  18  18  18  18  18  18  18  18  18  18  20  20  20  20  20  30  42  43  43  43  43  43  43  43  43  43  43  43  43  43  43  43  43  43  43  43  43  43  43  43  43  46  46  46  46  46  0   0   0  
 0   0   0   4   4   4   4   7   7   7   7   7   7   7   7   7   7   7   7   7   7   7   7   7   7   7   7   7   7   7   7   31  31  31  31  29  19  19  19  19  19  19  19  17  17  17  17  17  17  17  18  18  18  18  18  18  18  18  20  20  20  20  20  20  20  30  30  42  42  43  43  43  43  43  43  43  43  43  43  43  43  43  43  43  43  43  43  43  43  43  43  43  46  46  46  46  46  0   0   0  
 0   0   0   4   4   4   4   7   7   7   7   7   7   7   7   7   7   7   7   7   7   7   7   7   7   7   7   7   7   7   31  31  31  31  29  29  19  19  19  19  19  19  19  19  19  17  17  17  17  17  18  18  18  18  18  20  20  20  20  20  20  20  20  20  20  30  30  42  42  42  43  43  43  43  43  43  43  43  43  43  43  43  43  43  43  43  43  43  43  43  43  43  43  46  46  46  46  0   0   0  
 0   0   0   4   4   4   4   7   7   7   7   7   7   7   7   7   7   7   7   7   7   7   7   7   7   7   7   7   7   7   31  31  31  31  29  29  19  19  19  19  19  19  19  19  19  19  19  19  17  17  18  18  18  20  20  20  20  20  20  20  20  20  20  20  20  30  30  30  42  42  42  43  43  43  43  43  43  43  43  43  43  43  43  43  43  43  43  43  43  43  43  43  43  46  46  46  46  0   0   0  
 0   0   0   4   4   4   4   7   7   7   7   7   7   7   7   7   7   7   7   7   7   7   7   7   7   7   7   7   31  31  31  31  31  31  29  29  29  19  19  19  19  19  19  19  19  19  19  19  19  19  20  20  20  20  20  20  20  20  20  20  20  20  20  20  30  30  30  30  42  42  42  42  43  43  43  43  43  43  43  43  43  43  43  43  43  43  43  43  43  43  43  43  43  46  46  46  46  0   0   0  
 0   0   0   4   4   4   4   7   7   7   7   7   7   7   7   7   7   7   7   7   7   7   7   7   7   7   7   31  31  31  31  31  31  31  29  29  29  19  19  19  19  19  19  19  19  19  19  19  19  21  22  20  20  20  20  20  20  20  20  20  20  20  20  20  30  30  30  30  42  42  42  42  42  43  43  43  43  43  43  43  43  43  43  43  43  43  43  43  43  43  43  43  43  46  46  46  46  0   0   0  
 0   0   0   4   4   4   4   7   7   7   7   7   7   7   7   7   7   7   7   7   7   7   7   7   7   7   31  31  31  31  31  31  31  29  29  29  29  29  19  19  19  19  19  19  19  19  19  19  21  21  22  22  20  20  20  20  20  20  20  20  20  20  20  20  30  30  30  30  42  42  42  42  42  42  43  43  43  43  43  43  43  43  43  43  43  43  43  43  43  43  43  43  43  46  46  46  46  0   0   0  
 0   0   0   4   4   4   7   7   7   7   7   7   7   7   7   7   7   7   7   7   7   7   7   7   31  31  31  31  31  31  31  31  31  29  29  29  29  29  19  19  19  19  19  19  19  19  19  21  21  21  22  22  22  20  20  20  20  20  20  20  20  20  20  30  30  30  30  30  30  42  42  42  42  42  42  43  43  43  43  43  43  43  43  43  43  43  43  43  43  43  43  43  43  46  46  46  46  0   0   0  
 0   0   0   4   4   4   7   7   7   7   7   7   7   7   7   7   7   7   7   7   7   7   7   7   31  31  31  31  31  31  31  31  31  29  29  29  29  29  19  19  19  19  19  19  19  19  21  21  21  21  22  22  22  22  20  20  20  20  20  20  20  20  20  30  30  30  30  30  30  42  42  42  42  42  42  42  43  43  43  43  43  43  43  43  43  43  43  43  43  43  43  43  43  46  46  46  46  0   0   0  
 0   0   0   4   4   4   7   7   7   7   7   7   7   7   7   7   7   7   7   7   7   7   7   31  31  31  31  31  31  31  31  31  31  29  29  29  29  29  29  19  19  19  19  19  19  21  21  21  21  21  22  22  22  22  22  20  20  20  20  20  20  20  20  30  30  30  30  30  30  42  42  42  42  42  42  42  42  43  43  43  43  43  43  43  43  43  43  43  43  43  43  43  43  46  46  46  46  0   0   0  
 0   0   0   4   4   4   7   7   7   7   7   7   7   7   7   7   7   7   7   7   7   7   31  31  31  31  31  31  31  31  31  31  29  29  29  29  29  29  19  19  19  19  19  19  21  21  21  21  21  21  22  22  22  22  22  22  20  20  20  20  20  20  30  30  30  30  30  30  30  42  42  42  42  42  42  42  42  42  42  43  43  43  43  43  43  43  43  43  43  43  43  43  43  43  46  46  46  0   0   0  
 0   0   0   4   4   4   7   7   7   7   7   7   7   7   7   7   7   7   7   7   31  31  31  31  31  31  31  31  31  31  31  31  29  29  29  29  29  29  29  19  19  19  19  21  21  21  21  21  21  21  22  22  22  22  22  22  22  20  20  20  20  20  30  30  30  30  30  30  30  30  42  42  42  42  42  42  42  42  42  42  43  43  43  43  43  43  43  43  43  43  43  43  43  43  46  46  46  0   0   0  
 0   0   0   4   4   4   7   7   7   7   7   7   7   7   7   7   7   7   7   31  31  31  31  31  31  31  31  31  31  31  31  31  29  29  29  29  29  29  29  19  19  19  21  21  21  21  21  21  21  21  22  22  22  22  22  22  22  22  20  20  20  30  30  30  30  30  30  30  30  30  42  42  42  42  42  42  42  42  42  42  42  43  43  43  43  43  43  43  43  43  43  43  43  43  46  46  46  0   0   0  
 0   0   0   4   4   4   7   7   7   7   7   7   7   7   7   7   7   7   31  31  31  31  31  31  31  31  31  31  31  31  31  29  29  29  29  29  29  29  29  19  19  19  21  21  21  21  21  21  21  21  22  22  22  22  22  22  22  22  22  20  20  30  30  30  30  30  30  30  30  30  42  42  42  42  42  42  42  42  42  42  42  42  43  43  43  43  43  43  43  43  43  43  43  43  46  46  46  0   0   0  
 0   0   0   4   7   4   7   7   7   7   7   7   7   7   7   7   31  31  31  31  31  31  31  31  31  31  31  31  31  31  31  29  29  29  29  29  29  29  29  29  19  21  21  21  21  21  21  21  21  21  22  22  22  22  22  22  22  22  22  20  20  30  30  30  30  30  30  30  30  30  42  42  42  42  42  42  42  42  42  42  42  42  42  43  43  43  43  43  43  43  43  43  43  43  46  46  46  0   0   0  
 0   0   0   4   4   4   7   7   7   7   7   7   7   7   7   31  31  31  31  31  31  31  31  31  31  31  31  31  31  31  31  29  29  29  29  29  29  29  29  29  21  21  21  21  21  21  21  21  21  21  22  22  22  22  22  22  22  22  22  22  30  30  30  30  30  30  30  30  30  30  30  42  42  42  42  42  42  42  42  42  42  42  42  42  43  43  43  43  43  43  43  43  43  43  46  46  46  0   0   0  
 0   0   0   4   4   7   7   7   7   7   7   7   7   7   7   31  31  31  31  31  31  31  31  31  31  31  31  31  31  31  31  29  29  29  29  29  29  29  29  29  25  25  25  25  25  25  25  25  25  25  26  26  26  26  26  26  26  26  26  27  30  30  30  30  30  30  30  30  30  30  30  42  42  42  42  42  42  42  42  42  42  42  42  42  42  43  43  43  43  43  43  43  43  43  46  46  46  0   0   0  
 0   0   0   4   4   7   7   7   7   7   7   7   7   31  31  31  31  31  31  31  31  31  31  31  31  31  31  31  31  31  29  29  29  29  29  29  29  29  23  23  24  24  25  25  25  25  25  25  25  25  26  26  26  26  26  26  26  26  27  27  28  28  28  28  30  30  30  30  30  30  30  42  42  42  42  42  42  42  42  42  42  42  42  42  42  42  43  43  43  43  43  43  43  43  46  46  46  0   0   0  
 0   0   0   4   4   7   7   7   7   7   7   7   31  31  31  31  31  31  31  31  31  31  31  31  31  31  31  31  31  31  29  29  29  29  29  23  23  23  23  23  24  24  25  25  25  25  25  25  25  25  26  26  26  26  26  26  26  27  27  27  28  28  28  28  28  28  28  28  30  30  30  42  42  42  42  42  42  42  42  42  42  42  42  42  42  42  42  43  43  43  43  43  43  43  43  46  46  0   0   0  
 0   0   0   4   4   7   7   7   7   7   7   31  31  31  31  31  31  31  31  31  31  31  31  31  31  31  31  31  31  31  29  29  23  23  23  23  23  23  23  24  24  24  24  25  25  25  25  25  25  25  26  26  26  26  26  26  27  27  27  27  27  28  28  28  28  28  28  28  28  28  40  40  42  42  42  42  42  42  42  42  42  42  42  42  42  42  42  42  43  43  43  43  43  43  43  46  46  0   0   0  
 0   0   0   4   4   7   7   7   7   7   31  31  31  31  31  31  31  31  31  31  31  31  31  31  32  32  32  32  33  33  33  23  23  23  23  23  23  23  23  24  24  24  24  24  25  25  25  25  25  25  26  26  26  26  26  26  27  27  27  27  27  28  28  28  28  28  28  28  28  40  40  40  41  41  41  42  42  42  42  42  42  42  42  42  42  42  42  42  42  43  43  43  43  43  43  46  46  0   0   0  
 0   0   0   4   4   7   7   7   7   31  31  31  31  31  31  31  31  31  31  32  32  32  32  32  32  32  32  33  33  33  33  33  23  23  23  23  23  23  23  24  24  24  24  24  25  25  25  25  25  25  26  26  26  26  26  27  27  27  27  27  27  28  28  28  28  28  28  40  40  40  40  40  40  41  41  41  41  41  41  42  42  42  42  42  42  42  42  42  42  42  42  43  43  43  43  46  46  0   0   0  
 0   0   0   4   7   7   7   31  31  31  31  31  31  31  31  32  32  32  32  32  32  32  32  32  32  32  33  33  33  33  33  33  33  33  23  23  23  23  23  24  24  24  24  24  24  25  25  25  25  25  26  26  26  26  27  27  27  27  27  27  27  28  28  28  28  28  40  40  40  40  40  40  40  41  41  41  41  41  41  41  41  41  42  42  42  42  42  42  42  42  42  43  43  43  43  46  46  0   0   0  
 0   0   0   4   7   7   31  31  31  31  32  32  32  32  32  32  32  32  32  32  32  32  32  32  32  32  33  33  33  33  33  33  33  33  33  23  23  23  23  24  24  24  24  24  24  24  25  25  25  25  26  26  26  27  27  27  27  27  27  27  27  28  28  28  40  40  40  40  40  40  40  40  40  40  41  41  41  41  41  41  41  41  41  41  41  41  42  42  42  42  42  42  42  43  43  46  46  0   0   0  
 0   0   0   4   7   32  32  32  32  32  32  32  32  32  32  32  32  32  32  32  32  32  32  32  32  33  33  33  33  33  33  33  33  33  33  33  33  23  23  24  24  24  24  24  24  24  24  25  25  25  26  26  27  27  27  27  27  27  27  27  27  27  28  40  40  40  40  40  40  40  40  40  40  40  41  41  41  41  41  41  41  41  41  41  41  41  41  41  41  42  42  42  42  43  43  46  46  0   0   0  
 0   0   0   7   32  32  32  32  32  32  32  32  32  32  32  32  32  32  32  32  32  32  32  32  33  33  33  33  33  33  33  33  33  33  33  33  33  33  23  24  24  24  24  24  24  24  24  24  25  25  26  27  27  27  27  27  27  27  27  27  27  28  40  40  40  40  40  40  40  40  40  40  40  40  40  41  41  41  41  41  41  41  41  41  41  41  41  41  41  41  41  41  41  42  42  46  46  0   0   0  
 0   0   0   0   32  32  32  32  32  32  32  32  32  32  32  32  32  32  32  32  32  32  32  33  33  33  33  33  33  33  33  33  33  33  33  33  33  33  33  24  24  24  24  24  24  24  24  24  24  25  26  27  27  27  27  27  27  38  38  38  38  38  40  40  40  40  40  40  40  40  40  40  40  40  40  41  41  41  41  41  41  41  41  41  41  41  41  41  41  41  41  41  41  41  41  41  46  0   0   0  
 0   0   0   0   0   32  32  32  32  32  32  32  32  32  32  32  32  32  32  32  32  32  32  33  33  33  33  33  33  33  33  33  33  33  33  33  33  34  35  35  35  35  35  35  35  35  35  35  35  24  27  38  38  38  38  38  38  38  38  38  38  38  39  39  40  40  40  40  40  40  40  40  40  40  40  40  41  41  41  41  41  41  41  41  41  41  41  41  41  41  41  41  41  41  41  0   0   0   0   0  
 0   0   0   0   0   0   32  32  32  32  32  32  32  32  32  32  32  32  32  32  32  32  33  33  33  33  33  33  33  33  33  33  33  33  33  34  34  34  35  35  35  35  35  35  35  35  35  35  35  36  38  38  38  38  38  38  38  38  38  38  38  38  38  39  39  40  40  40  40  40  40  40  40  40  40  40  41  41  41  41  41  41  41  41  41  41  41  41  41  41  41  41  41  41  0   0   0   0   0   0  
 0   0   0   0   0   0   0   32  32  32  32  32  32  32  32  32  32  32  32  32  32  33  33  33  33  33  33  33  33  33  33  33  33  34  34  34  34  35  35  35  35  35  35  35  35  35  35  35  36  36  37  38  38  38  38  38  38  38  38  38  38  38  38  39  39  39  40  40  40  40  40  40  40  40  40  40  40  41  41  41  41  41  41  41  41  41  41  41  41  41  41  41  41  0   0   0   0   0   0   0  
 0   0   0   0   0   0   0   0   32  32  32  32  32  32  32  32  32  32  32  32  32  33  33  33  33  33  33  33  33  33  33  34  34  34  34  34  34  35  35  35  35  35  35  35  35  35  35  36  36  36  37  38  38  38  38  38  38  38  38  38  38  38  38  39  39  39  39  39  40  40  40  40  40  40  40  40  40  41  41  41  41  41  41  41  41  41  41  41  41  41  41  41  0   0   0   0   0   0   0   0  
 0   0   0   0   0   0   0   0   0   32  32  32  32  32  32  32  32  32  32  32  33  33  33  33  33  33  33  33  33  34  34  34  34  34  34  34  35  35  35  35  35  35  35  35  35  35  36  36  36  36  37  37  37  38  38  38  38  38  38  38  38  38  38  39  39  39  39  39  39  39  40  40  40  40  40  40  40  40  41  41  41  41  41  41  41  41  41  41  41  41  41  0   0   0   0   0   0   0   0   0  
 0   0   0   0   0   0   0   0   0   0   32  32  32  32  32  32  32  32  32  33  33  33  33  33  33  33  33  34  34  34  34  34  34  34  34  34  35  35  35  35  35  35  35  35  35  36  36  36  36  36  37  37  37  38  38  38  38  38  38  38  38  38  38  38  39  39  39  39  39  39  39  40  40  40  40  40  40  40  41  41  41  41  41  41  41  41  41  41  41  41  0   0   0   0   0   0   0   0   0   0  
 0   0   0   0   0   0   0   0   0   0   0   32  32  32  32  32  32  32  33  33  33  33  33  33  33  34  34  34  34  34  34  34  34  34  34  34  35  35  35  35  35  35  35  35  36  36  36  36  36  36  37  37  37  37  38  38  38  38  38  38  38  38  38  38  39  39  39  39  39  39  39  39  39  40  40  40  40  40  40  41  41  41  41  41  41  41  41  41  41  0   0   0   0   0   0   0   0   0   0   0  
 0   0   0   0   0   0   0   0   0   0   0   0   32  32  32  32  32  32  33  33  33  33  33  34  34  34  34  34  34  34  34  34  34  34  34  35  35  35  35  35  35  35  35  36  36  36  36  36  36  36  37  37  37  37  37  38  38  38  38  38  38  38  38  38  39  39  39  39  39  39  39  39  39  39  39  40  40  40  40  41  41  41  41  41  41  41  41  41  0   0   0   0   0   0   0   0   0   0   0   0  
 0   0   0   0   0   0   0   0   0   0   0   0   0   32  32  32  32  33  33  33  33  34  34  34  34  34  34  34  34  34  34  34  34  34  34  35  35  35  35  35  35  35  36  36  36  36  36  36  36  36  37  37  37  37  37  37  38  38  38  38  38  38  38  38  39  39  39  39  39  39  39  39  39  39  39  39  40  40  40  40  41  41  41  41  41  41  41  0   0   0   0   0   0   0   0   0   0   0   0   0  
 0   0   0   0   0   0   0   0   0   0   0   0   0   0   32  32  33  33  33  34  34  34  34  34  34  34  34  34  34  34  34  34  34  34  35  35  35  35  35  35  35  36  36  36  36  36  36  36  36  36  37  37  37  37  37  37  37  38  38  38  38  38  38  38  38  39  39  39  39  39  39  39  39  39  39  39  39  39  40  40  41  41  41  41  41  41  0   0   0   0   0   0   0   0   0   0   0   0   0   0  
 0   0   0   0   0   0   0   0   0   0   0   0   0   0   0   33  33  34  34  34  34  34  34  34  34  34  34  34  34  34  34  34  34  34  35  35  35  35  35  35  36  36  36  36  36  36  36  36  36  36  37  37  37  37  37  37  37  37  38  38  38  38  38  38  38  39  39  39  39  39  39  39  39  39  39  39  39  39  39  40  40  41  41  41  41  0   0   0   0   0   0   0   0   0   0   0   0   0   0   0  
 0   0   0   0   0   0   0   0   0   0   0   0   0   0   0   0   34  34  34  34  34  34  34  34  34  34  34  34  34  34  34  34  34  35  35  35  35  35  35  36  36  36  36  36  36  36  36  36  36  36  37  37  37  37  37  37  37  37  37  38  38  38  38  38  38  38  39  39  39  39  39  39  39  39  39  39  39  39  39  39  39  41  41  41  0   0   0   0   0   0   0   0   0   0   0   0   0   0   0   0  
 0   0   0   0   0   0   0   0   0   0   0   0   0   0   0   0   0   34  34  34  34  34  34  34  34  34  34  34  34  34  34  34  34  35  35  35  35  35  36  36  36  36  36  36  36  36  36  36  36  36  37  37  37  37  37  37  37  37  37  37  38  38  38  38  38  38  39  39  39  39  39  39  39  39  39  39  39  39  39  39  39  39  39  0   0   0   0   0   0   0   0   0   0   0   0   0   0   0   0   0  
 0   0   0   0   0   0   0   0   0   0   0   0   0   0   0   0   0   0   34  34  34  34  34  34  34  34  34  34  34  34  34  34  35  35  35  35  35  36  36  36  36  36  36  36  36  36  36  36  36  36  37  37  37  37  37  37  37  37  37  37  37  38  38  38  38  38  39  39  39  39  39  39  39  39  39  39  39  39  39  39  39  39  0   0   0   0   0   0   0   0   0   0   0   0   0   0   0   0   0   0  
 0   0   0   0   0   0   0   0   0   0   0   0   0   0   0   0   0   0   0   34  34  34  34  34  34  34  34  34  34  34  34  34  35  35  35  35  36  36  36  36  36  36  36  36  36  36  36  36  36  36  37  37  37  37  37  37  37  37  37  37  37  38  38  38  38  38  38  39  39  39  39  39  39  39  39  39  39  39  39  39  39  0   0   0   0   0   0   0   0   0   0   0   0   0   0   0   0   0   0   0  
 0   0   0   0   0   0   0   0   0   0   0   0   0   0   0   0   0   0   0   0   34  34  34  34  34  34  34  34  34  34  34  35  35  35  35  36  36  36  36  36  36  36  36  36  36  36  36  36  36  36  37  37  37  37  37  37  37  37  37  37  37  37  38  38  38  38  38  39  39  39  39  39  39  39  39  39  39  39  39  39  0   0   0   0   0   0   0   0   0   0   0   0   0   0   0   0   0   0   0   0  
 0   0   0   0   0   0   0   0   0   0   0   0   0   0   0   0   0   0   0   0   0   34  34  34  34  34  34  34  34  34  34  35  35  35  36  36  36  36  36  36  36  36  36  36  36  36  36  36  36  36  37  37  37  37  37  37  37  37  37  37  37  37  37  38  38  38  38  39  39  39  39  39  39  39  39  39  39  39  39  0   0   0   0   0   0   0   0   0   0   0   0   0   0   0   0   0   0   0   0   0  
 0   0   0   0   0   0   0   0   0   0   0   0   0   0   0   0   0   0   0   0   0   0   34  34  34  34  34  34  34  34  34  35  35  36  36  36  36  36  36  36  36  36  36  36  36  36  36  36  36  36  37  37  37  37  37  37  37  37  37  37  37  37  37  37  38  38  38  39  39  39  39  39  39  39  39  39  39  39  0   0   0   0   0   0   0   0   0   0   0   0   0   0   0   0   0   0   0   0   0   0  
 0   0   0   0   0   0   0   0   0   0   0   0   0   0   0   0   0   0   0   0   0   0   0   34  34  34  34  34  34  34  35  35  36  36  36  36  36  36  36  36  36  36  36  36  36  36  36  36  36  36  37  37  37  37  37  37  37  37  37  37  37  37  37  37  37  38  38  38  39  39  39  39  39  39  39  39  39  0   0   0   0   0   0   0   0   0   0   0   0   0   0   0   0   0   0   0   0   0   0   0  
 0   0   0   0   0   0   0   0   0   0   0   0   0   0   0   0   0   0   0   0   0   0   0   0   34  34  34  34  34  34  35  36  36  36  36  36  36  36  36  36  36  36  36  36  36  36  36  36  36  36  37  37  37  37  37  37  37  37  37  37  37  37  37  37  37  37  38  38  39  39  39  39  39  39  39  39  0   0   0   0   0   0   0   0   0   0   0   0   0   0   0   0   0   0   0   0   0   0   0   0  
 0   0   0   0   0   0   0   0   0   0   0   0   0   0   0   0   0   0   0   0   0   0   0   0   0   0   34  34  34  35  36  36  36  36  36  36  36  36  36  36  36  36  36  36  36  36  36  36  36  36  37  37  37  37  37  37  37  37  37  37  37  37  37  37  37  37  37  38  39  39  39  39  39  39  39  0   0   0   0   0   0   0   0   0   0   0   0   0   0   0   0   0   0   0   0   0   0   0   0   0  
 0   0   0   0   0   0   0   0   0   0   0   0   0   0   0   0   0   0   0   0   0   0   0   0   0   0   0   34  34  36  36  36  36  36  36  36  36  36  36  36  36  36  36  36  36  36  36  36  36  36  37  37  37  37  37  37  37  37  37  37  37  37  37  37  37  37  37  37  39  39  39  39  39  0   0   0   0   0   0   0   0   0   0   0   0   0   0   0   0   0   0   0   0   0   0   0   0   0   0   0  
 0   0   0   0   0   0   0   0   0   0   0   0   0   0   0   0   0   0   0   0   0   0   0   0   0   0   0   0   0   36  36  36  36  36  36  36  36  36  36  36  36  36  36  36  36  36  36  36  36  36  37  37  37  37  37  37  37  37  37  37  37  37  37  37  37  37  37  37  37  38  0   0   0   0   0   0   0   0   0   0   0   0   0   0   0   0   0   0   0   0   0   0   0   0   0   0   0   0   0   0  
 0   0   0   0   0   0   0   0   0   0   0   0   0   0   0   0   0   0   0   0   0   0   0   0   0   0   0   0   0   0   0   0   0   36  36  36  36  36  36  36  36  36  36  36  36  36  36  36  36  36  37  37  37  37  37  37  37  37  37  37  37  37  37  37  37  37  0   0   0   0   0   0   0   0   0   0   0   0   0   0   0   0   0   0   0   0   0   0   0   0   0   0   0   0   0   0   0   0   0   0  
 0   0   0   0   0   0   0   0   0   0   0   0   0   0   0   0   0   0   0   0   0   0   0   0   0   0   0   0   0   0   0   0   0   0   0   0   0   36  36  36  36  36  36  36  36  36  36  36  36  36  37  37  37  37  37  37  37  37  37  37  37  37  0   0   0   0   0   0   0   0   0   0   0   0   0   0   0   0   0   0   0   0   0   0   0   0   0   0   0   0   0   0   0   0   0   0   0   0   0   0  
 0   0   0   0   0   0   0   0   0   0   0   0   0   0   0   0   0   0   0   0   0   0   0   0   0   0   0   0   0   0   0   0   0   0   0   0   0   0   0   0   0   36  36  36  36  36  36  36  36  36  37  37  37  37  37  37  37  37  0   0   0   0   0   0   0   0   0   0   0   0   0   0   0   0   0   0   0   0   0   0   0   0   0   0   0   0   0   0   0   0   0   0   0   0   0   0   0   0   0   0  
 0   0   0   0   0   0   0   0   0   0   0   0   0   0   0   0   0   0   0   0   0   0   0   0   0   0   0   0   0   0   0   0   0   0   0   0   0   0   0   0   0   0   0   0   0   0   0   0   0   0   0   0   0   0   0   0   0   0   0   0   0   0   0   0   0   0   0   0   0   0   0   0   0   0   0   0   0   0   0   0   0   0   0   0   0   0   0   0   0   0   0   0   0   0   0   0   0   0   0   0  
 0   0   0   0   0   0   0   0   0   0   0   0   0   0   0   0   0   0   0   0   0   0   0   0   0   0   0   0   0   0   0   0   0   0   0   0   0   0   0   0   0   0   0   0   0   0   0   0   0   0   0   0   0   0   0   0   0   0   0   0   0   0   0   0   0   0   0   0   0   0   0   0   0   0   0   0   0   0   0   0   0   0   0   0   0   0   0   0   0   0   0   0   0   0   0   0   0   0   0   0  